{
 "metadata": {
  "language_info": {
   "codemirror_mode": {
    "name": "ipython",
    "version": 3
   },
   "file_extension": ".py",
   "mimetype": "text/x-python",
   "name": "python",
   "nbconvert_exporter": "python",
   "pygments_lexer": "ipython3",
   "version": "3.9.0"
  },
  "orig_nbformat": 4,
  "kernelspec": {
   "name": "machinelearning1",
   "display_name": "Python 3.9.0 64-bit ('venv': venv)"
  }
 },
 "nbformat": 4,
 "nbformat_minor": 2,
 "cells": [
  {
   "source": [
    "# Internship"
   ],
   "cell_type": "markdown",
   "metadata": {}
  },
  {
   "cell_type": "code",
   "execution_count": 144,
   "metadata": {},
   "outputs": [],
   "source": [
    "# Import Libraries\n",
    "import pandas as pd\n",
    "import matplotlib.pyplot as plt\n",
    "import seaborn as sns\n",
    "sns.set_style(\"darkgrid\")"
   ]
  },
  {
   "source": [
    "## Preprocessing of Amazon Data:"
   ],
   "cell_type": "markdown",
   "metadata": {}
  },
  {
   "cell_type": "code",
   "execution_count": 145,
   "metadata": {},
   "outputs": [
    {
     "output_type": "execute_result",
     "data": {
      "text/plain": [
       "         Date Close/Last   Volume      Open        High       Low\n",
       "0  06/09/2021   $3281.15  2455530  $3272.87    $3297.58   $3270.7\n",
       "1  06/08/2021   $3264.11  3416730  $3222.61  $3279.5321  $3218.01\n",
       "2  06/07/2021   $3198.01  2215756  $3197.33       $3208   $3172.2\n",
       "3  06/04/2021   $3206.22  2249749     $3212       $3221  $3198.81\n",
       "4  06/03/2021   $3187.01  2398293  $3204.23   $3214.435  $3184.03"
      ],
      "text/html": "<div>\n<style scoped>\n    .dataframe tbody tr th:only-of-type {\n        vertical-align: middle;\n    }\n\n    .dataframe tbody tr th {\n        vertical-align: top;\n    }\n\n    .dataframe thead th {\n        text-align: right;\n    }\n</style>\n<table border=\"1\" class=\"dataframe\">\n  <thead>\n    <tr style=\"text-align: right;\">\n      <th></th>\n      <th>Date</th>\n      <th>Close/Last</th>\n      <th>Volume</th>\n      <th>Open</th>\n      <th>High</th>\n      <th>Low</th>\n    </tr>\n  </thead>\n  <tbody>\n    <tr>\n      <th>0</th>\n      <td>06/09/2021</td>\n      <td>$3281.15</td>\n      <td>2455530</td>\n      <td>$3272.87</td>\n      <td>$3297.58</td>\n      <td>$3270.7</td>\n    </tr>\n    <tr>\n      <th>1</th>\n      <td>06/08/2021</td>\n      <td>$3264.11</td>\n      <td>3416730</td>\n      <td>$3222.61</td>\n      <td>$3279.5321</td>\n      <td>$3218.01</td>\n    </tr>\n    <tr>\n      <th>2</th>\n      <td>06/07/2021</td>\n      <td>$3198.01</td>\n      <td>2215756</td>\n      <td>$3197.33</td>\n      <td>$3208</td>\n      <td>$3172.2</td>\n    </tr>\n    <tr>\n      <th>3</th>\n      <td>06/04/2021</td>\n      <td>$3206.22</td>\n      <td>2249749</td>\n      <td>$3212</td>\n      <td>$3221</td>\n      <td>$3198.81</td>\n    </tr>\n    <tr>\n      <th>4</th>\n      <td>06/03/2021</td>\n      <td>$3187.01</td>\n      <td>2398293</td>\n      <td>$3204.23</td>\n      <td>$3214.435</td>\n      <td>$3184.03</td>\n    </tr>\n  </tbody>\n</table>\n</div>"
     },
     "metadata": {},
     "execution_count": 145
    }
   ],
   "source": [
    "# Read Amazon Data\n",
    "df_amazon = pd.read_csv(\"HistoricalData_AMZN.csv\")\n",
    "df_amazon.head()"
   ]
  },
  {
   "cell_type": "code",
   "execution_count": 146,
   "metadata": {},
   "outputs": [
    {
     "output_type": "execute_result",
     "data": {
      "text/plain": [
       "Date          object\n",
       "Close/Last    object\n",
       "Volume         int64\n",
       "Open          object\n",
       "High          object\n",
       "Low           object\n",
       "dtype: object"
      ]
     },
     "metadata": {},
     "execution_count": 146
    }
   ],
   "source": [
    "# Check Datatypes\n",
    "df_amazon.dtypes"
   ]
  },
  {
   "cell_type": "code",
   "execution_count": 147,
   "metadata": {},
   "outputs": [
    {
     "output_type": "stream",
     "name": "stdout",
     "text": [
      "        Date Close/Last   Volume      Open        High       Low\n0 2021-06-09   $3281.15  2455530  $3272.87    $3297.58   $3270.7\n1 2021-06-08   $3264.11  3416730  $3222.61  $3279.5321  $3218.01\n2 2021-06-07   $3198.01  2215756  $3197.33       $3208   $3172.2\n3 2021-06-04   $3206.22  2249749     $3212       $3221  $3198.81\n4 2021-06-03   $3187.01  2398293  $3204.23   $3214.435  $3184.03\n"
     ]
    }
   ],
   "source": [
    "# Convert Date Column to Datetime datatype\n",
    "df_amazon[\"Date\"] = pd.to_datetime(df_amazon[\"Date\"])\n",
    "print(df_amazon.head())"
   ]
  },
  {
   "cell_type": "code",
   "execution_count": 148,
   "metadata": {},
   "outputs": [
    {
     "output_type": "execute_result",
     "data": {
      "text/plain": [
       "Index(['Date', 'Close/Last', 'Volume', 'Open', 'High', 'Low'], dtype='object')"
      ]
     },
     "metadata": {},
     "execution_count": 148
    }
   ],
   "source": [
    "df_amazon.columns"
   ]
  },
  {
   "cell_type": "code",
   "execution_count": 149,
   "metadata": {},
   "outputs": [],
   "source": [
    "# Remove \"$\" Symbol in 'Close/Last', 'Open', 'High', 'Low'\n",
    "df_amazon[\"Close/Last\"].replace(\"[$]\", \"\", regex = True, inplace = True)\n",
    "df_amazon[\"Open\"].replace(\"[$]\", \"\", regex = True, inplace = True)\n",
    "df_amazon[\"High\"].replace(\"[$]\", \"\", regex = True, inplace = True)\n",
    "df_amazon[\"Low\"].replace(\"[$]\", \"\", regex = True, inplace = True)"
   ]
  },
  {
   "cell_type": "code",
   "execution_count": 150,
   "metadata": {},
   "outputs": [
    {
     "output_type": "stream",
     "name": "stdout",
     "text": [
      "        Date Close/Last   Volume     Open       High      Low\n0 2021-06-09    3281.15  2455530  3272.87    3297.58   3270.7\n1 2021-06-08    3264.11  3416730  3222.61  3279.5321  3218.01\n2 2021-06-07    3198.01  2215756  3197.33       3208   3172.2\n3 2021-06-04    3206.22  2249749     3212       3221  3198.81\n4 2021-06-03    3187.01  2398293  3204.23   3214.435  3184.03\n----------------------------------\nDate          datetime64[ns]\nClose/Last            object\nVolume                 int64\nOpen                  object\nHigh                  object\nLow                   object\ndtype: object\n"
     ]
    }
   ],
   "source": [
    "print(df_amazon.head())\n",
    "print(\"----------------------------------\")\n",
    "print(df_amazon.dtypes)"
   ]
  },
  {
   "cell_type": "code",
   "execution_count": 151,
   "metadata": {},
   "outputs": [],
   "source": [
    "# Convert 'Close/Last', 'Open', 'High', 'Low' to numeric columns\n",
    "df_amazon[\"Close/Last\"] = pd.to_numeric(df_amazon[\"Close/Last\"])\n",
    "df_amazon[\"Open\"] = pd.to_numeric(df_amazon[\"Open\"])\n",
    "df_amazon[\"High\"] = pd.to_numeric(df_amazon[\"High\"])\n",
    "df_amazon[\"Low\"] = pd.to_numeric(df_amazon[\"Low\"])"
   ]
  },
  {
   "cell_type": "code",
   "execution_count": 152,
   "metadata": {},
   "outputs": [
    {
     "output_type": "stream",
     "name": "stdout",
     "text": [
      "        Date  Close/Last   Volume     Open       High      Low\n0 2021-06-09     3281.15  2455530  3272.87  3297.5800  3270.70\n1 2021-06-08     3264.11  3416730  3222.61  3279.5321  3218.01\n2 2021-06-07     3198.01  2215756  3197.33  3208.0000  3172.20\n3 2021-06-04     3206.22  2249749  3212.00  3221.0000  3198.81\n4 2021-06-03     3187.01  2398293  3204.23  3214.4350  3184.03\n"
     ]
    }
   ],
   "source": [
    "print(df_amazon.head())"
   ]
  },
  {
   "cell_type": "code",
   "execution_count": 153,
   "metadata": {},
   "outputs": [],
   "source": [
    "# Create \"Symbol\" column and \"Sector\" column\n",
    "df_amazon[\"Symbol\"] = \"AMZN\"\n",
    "df_amazon[\"Sector\"] = \"Consumer_Services\""
   ]
  },
  {
   "cell_type": "code",
   "execution_count": 154,
   "metadata": {},
   "outputs": [
    {
     "output_type": "execute_result",
     "data": {
      "text/plain": [
       "        Date  Close/Last   Volume     Open       High      Low Symbol  \\\n",
       "0 2021-06-09     3281.15  2455530  3272.87  3297.5800  3270.70   AMZN   \n",
       "1 2021-06-08     3264.11  3416730  3222.61  3279.5321  3218.01   AMZN   \n",
       "2 2021-06-07     3198.01  2215756  3197.33  3208.0000  3172.20   AMZN   \n",
       "3 2021-06-04     3206.22  2249749  3212.00  3221.0000  3198.81   AMZN   \n",
       "4 2021-06-03     3187.01  2398293  3204.23  3214.4350  3184.03   AMZN   \n",
       "\n",
       "              Sector  \n",
       "0  Consumer_Services  \n",
       "1  Consumer_Services  \n",
       "2  Consumer_Services  \n",
       "3  Consumer_Services  \n",
       "4  Consumer_Services  "
      ],
      "text/html": "<div>\n<style scoped>\n    .dataframe tbody tr th:only-of-type {\n        vertical-align: middle;\n    }\n\n    .dataframe tbody tr th {\n        vertical-align: top;\n    }\n\n    .dataframe thead th {\n        text-align: right;\n    }\n</style>\n<table border=\"1\" class=\"dataframe\">\n  <thead>\n    <tr style=\"text-align: right;\">\n      <th></th>\n      <th>Date</th>\n      <th>Close/Last</th>\n      <th>Volume</th>\n      <th>Open</th>\n      <th>High</th>\n      <th>Low</th>\n      <th>Symbol</th>\n      <th>Sector</th>\n    </tr>\n  </thead>\n  <tbody>\n    <tr>\n      <th>0</th>\n      <td>2021-06-09</td>\n      <td>3281.15</td>\n      <td>2455530</td>\n      <td>3272.87</td>\n      <td>3297.5800</td>\n      <td>3270.70</td>\n      <td>AMZN</td>\n      <td>Consumer_Services</td>\n    </tr>\n    <tr>\n      <th>1</th>\n      <td>2021-06-08</td>\n      <td>3264.11</td>\n      <td>3416730</td>\n      <td>3222.61</td>\n      <td>3279.5321</td>\n      <td>3218.01</td>\n      <td>AMZN</td>\n      <td>Consumer_Services</td>\n    </tr>\n    <tr>\n      <th>2</th>\n      <td>2021-06-07</td>\n      <td>3198.01</td>\n      <td>2215756</td>\n      <td>3197.33</td>\n      <td>3208.0000</td>\n      <td>3172.20</td>\n      <td>AMZN</td>\n      <td>Consumer_Services</td>\n    </tr>\n    <tr>\n      <th>3</th>\n      <td>2021-06-04</td>\n      <td>3206.22</td>\n      <td>2249749</td>\n      <td>3212.00</td>\n      <td>3221.0000</td>\n      <td>3198.81</td>\n      <td>AMZN</td>\n      <td>Consumer_Services</td>\n    </tr>\n    <tr>\n      <th>4</th>\n      <td>2021-06-03</td>\n      <td>3187.01</td>\n      <td>2398293</td>\n      <td>3204.23</td>\n      <td>3214.4350</td>\n      <td>3184.03</td>\n      <td>AMZN</td>\n      <td>Consumer_Services</td>\n    </tr>\n  </tbody>\n</table>\n</div>"
     },
     "metadata": {},
     "execution_count": 154
    }
   ],
   "source": [
    "df_amazon.head()"
   ]
  },
  {
   "cell_type": "code",
   "execution_count": 155,
   "metadata": {},
   "outputs": [
    {
     "output_type": "execute_result",
     "data": {
      "text/plain": [
       "        Date  Close/Last   Volume     Open       High      Low Symbol  \\\n",
       "0 2021-06-09     3281.15  2455530  3272.87  3297.5800  3270.70   AMZN   \n",
       "1 2021-06-08     3264.11  3416730  3222.61  3279.5321  3218.01   AMZN   \n",
       "2 2021-06-07     3198.01  2215756  3197.33  3208.0000  3172.20   AMZN   \n",
       "3 2021-06-04     3206.22  2249749  3212.00  3221.0000  3198.81   AMZN   \n",
       "4 2021-06-03     3187.01  2398293  3204.23  3214.4350  3184.03   AMZN   \n",
       "\n",
       "              Sector     Target  \n",
       "0  Consumer_Services  Increased  \n",
       "1  Consumer_Services  Increased  \n",
       "2  Consumer_Services  Decreased  \n",
       "3  Consumer_Services  Increased  \n",
       "4  Consumer_Services  Decreased  "
      ],
      "text/html": "<div>\n<style scoped>\n    .dataframe tbody tr th:only-of-type {\n        vertical-align: middle;\n    }\n\n    .dataframe tbody tr th {\n        vertical-align: top;\n    }\n\n    .dataframe thead th {\n        text-align: right;\n    }\n</style>\n<table border=\"1\" class=\"dataframe\">\n  <thead>\n    <tr style=\"text-align: right;\">\n      <th></th>\n      <th>Date</th>\n      <th>Close/Last</th>\n      <th>Volume</th>\n      <th>Open</th>\n      <th>High</th>\n      <th>Low</th>\n      <th>Symbol</th>\n      <th>Sector</th>\n      <th>Target</th>\n    </tr>\n  </thead>\n  <tbody>\n    <tr>\n      <th>0</th>\n      <td>2021-06-09</td>\n      <td>3281.15</td>\n      <td>2455530</td>\n      <td>3272.87</td>\n      <td>3297.5800</td>\n      <td>3270.70</td>\n      <td>AMZN</td>\n      <td>Consumer_Services</td>\n      <td>Increased</td>\n    </tr>\n    <tr>\n      <th>1</th>\n      <td>2021-06-08</td>\n      <td>3264.11</td>\n      <td>3416730</td>\n      <td>3222.61</td>\n      <td>3279.5321</td>\n      <td>3218.01</td>\n      <td>AMZN</td>\n      <td>Consumer_Services</td>\n      <td>Increased</td>\n    </tr>\n    <tr>\n      <th>2</th>\n      <td>2021-06-07</td>\n      <td>3198.01</td>\n      <td>2215756</td>\n      <td>3197.33</td>\n      <td>3208.0000</td>\n      <td>3172.20</td>\n      <td>AMZN</td>\n      <td>Consumer_Services</td>\n      <td>Decreased</td>\n    </tr>\n    <tr>\n      <th>3</th>\n      <td>2021-06-04</td>\n      <td>3206.22</td>\n      <td>2249749</td>\n      <td>3212.00</td>\n      <td>3221.0000</td>\n      <td>3198.81</td>\n      <td>AMZN</td>\n      <td>Consumer_Services</td>\n      <td>Increased</td>\n    </tr>\n    <tr>\n      <th>4</th>\n      <td>2021-06-03</td>\n      <td>3187.01</td>\n      <td>2398293</td>\n      <td>3204.23</td>\n      <td>3214.4350</td>\n      <td>3184.03</td>\n      <td>AMZN</td>\n      <td>Consumer_Services</td>\n      <td>Decreased</td>\n    </tr>\n  </tbody>\n</table>\n</div>"
     },
     "metadata": {},
     "execution_count": 155
    }
   ],
   "source": [
    "# Adding Target Column whether stoct price increased or decreased\n",
    "targets = []\n",
    "for i in range(len(df_amazon)-1):\n",
    "    if df_amazon[\"Close/Last\"].iloc[i] > df_amazon[\"Close/Last\"].iloc[i+1]:\n",
    "        targets.append(\"Increased\")\n",
    "    else:\n",
    "        targets.append(\"Decreased\")\n",
    "df_amazon_cleaned = pd.concat([df_amazon, pd.DataFrame({\"Target\" : targets})], axis = 1)\n",
    "df_amazon_cleaned.head()"
   ]
  },
  {
   "cell_type": "code",
   "execution_count": 156,
   "metadata": {},
   "outputs": [
    {
     "output_type": "execute_result",
     "data": {
      "text/plain": [
       "Date          0\n",
       "Close/Last    0\n",
       "Volume        0\n",
       "Open          0\n",
       "High          0\n",
       "Low           0\n",
       "Symbol        0\n",
       "Sector        0\n",
       "Target        1\n",
       "dtype: int64"
      ]
     },
     "metadata": {},
     "execution_count": 156
    }
   ],
   "source": [
    "# Check for Null values\n",
    "df_amazon_cleaned.isnull().sum()"
   ]
  },
  {
   "cell_type": "code",
   "execution_count": 157,
   "metadata": {},
   "outputs": [
    {
     "output_type": "execute_result",
     "data": {
      "text/plain": [
       "           Date  Close/Last   Volume    Open    High     Low Symbol  \\\n",
       "2515 2011-06-10      186.53  3753267  189.25  190.77  186.28   AMZN   \n",
       "\n",
       "                 Sector Target  \n",
       "2515  Consumer_Services    NaN  "
      ],
      "text/html": "<div>\n<style scoped>\n    .dataframe tbody tr th:only-of-type {\n        vertical-align: middle;\n    }\n\n    .dataframe tbody tr th {\n        vertical-align: top;\n    }\n\n    .dataframe thead th {\n        text-align: right;\n    }\n</style>\n<table border=\"1\" class=\"dataframe\">\n  <thead>\n    <tr style=\"text-align: right;\">\n      <th></th>\n      <th>Date</th>\n      <th>Close/Last</th>\n      <th>Volume</th>\n      <th>Open</th>\n      <th>High</th>\n      <th>Low</th>\n      <th>Symbol</th>\n      <th>Sector</th>\n      <th>Target</th>\n    </tr>\n  </thead>\n  <tbody>\n    <tr>\n      <th>2515</th>\n      <td>2011-06-10</td>\n      <td>186.53</td>\n      <td>3753267</td>\n      <td>189.25</td>\n      <td>190.77</td>\n      <td>186.28</td>\n      <td>AMZN</td>\n      <td>Consumer_Services</td>\n      <td>NaN</td>\n    </tr>\n  </tbody>\n</table>\n</div>"
     },
     "metadata": {},
     "execution_count": 157
    }
   ],
   "source": [
    "# Look where Nan in the dataset\n",
    "df_amazon_cleaned[df_amazon_cleaned[\"Target\"].isnull()]"
   ]
  },
  {
   "cell_type": "code",
   "execution_count": 158,
   "metadata": {},
   "outputs": [
    {
     "output_type": "execute_result",
     "data": {
      "text/plain": [
       "        Date  Close/Last   Volume     Open       High      Low Symbol  \\\n",
       "0 2021-06-09     3281.15  2455530  3272.87  3297.5800  3270.70   AMZN   \n",
       "1 2021-06-08     3264.11  3416730  3222.61  3279.5321  3218.01   AMZN   \n",
       "2 2021-06-07     3198.01  2215756  3197.33  3208.0000  3172.20   AMZN   \n",
       "3 2021-06-04     3206.22  2249749  3212.00  3221.0000  3198.81   AMZN   \n",
       "4 2021-06-03     3187.01  2398293  3204.23  3214.4350  3184.03   AMZN   \n",
       "\n",
       "              Sector     Target  \n",
       "0  Consumer_Services  Increased  \n",
       "1  Consumer_Services  Increased  \n",
       "2  Consumer_Services  Decreased  \n",
       "3  Consumer_Services  Increased  \n",
       "4  Consumer_Services  Decreased  "
      ],
      "text/html": "<div>\n<style scoped>\n    .dataframe tbody tr th:only-of-type {\n        vertical-align: middle;\n    }\n\n    .dataframe tbody tr th {\n        vertical-align: top;\n    }\n\n    .dataframe thead th {\n        text-align: right;\n    }\n</style>\n<table border=\"1\" class=\"dataframe\">\n  <thead>\n    <tr style=\"text-align: right;\">\n      <th></th>\n      <th>Date</th>\n      <th>Close/Last</th>\n      <th>Volume</th>\n      <th>Open</th>\n      <th>High</th>\n      <th>Low</th>\n      <th>Symbol</th>\n      <th>Sector</th>\n      <th>Target</th>\n    </tr>\n  </thead>\n  <tbody>\n    <tr>\n      <th>0</th>\n      <td>2021-06-09</td>\n      <td>3281.15</td>\n      <td>2455530</td>\n      <td>3272.87</td>\n      <td>3297.5800</td>\n      <td>3270.70</td>\n      <td>AMZN</td>\n      <td>Consumer_Services</td>\n      <td>Increased</td>\n    </tr>\n    <tr>\n      <th>1</th>\n      <td>2021-06-08</td>\n      <td>3264.11</td>\n      <td>3416730</td>\n      <td>3222.61</td>\n      <td>3279.5321</td>\n      <td>3218.01</td>\n      <td>AMZN</td>\n      <td>Consumer_Services</td>\n      <td>Increased</td>\n    </tr>\n    <tr>\n      <th>2</th>\n      <td>2021-06-07</td>\n      <td>3198.01</td>\n      <td>2215756</td>\n      <td>3197.33</td>\n      <td>3208.0000</td>\n      <td>3172.20</td>\n      <td>AMZN</td>\n      <td>Consumer_Services</td>\n      <td>Decreased</td>\n    </tr>\n    <tr>\n      <th>3</th>\n      <td>2021-06-04</td>\n      <td>3206.22</td>\n      <td>2249749</td>\n      <td>3212.00</td>\n      <td>3221.0000</td>\n      <td>3198.81</td>\n      <td>AMZN</td>\n      <td>Consumer_Services</td>\n      <td>Increased</td>\n    </tr>\n    <tr>\n      <th>4</th>\n      <td>2021-06-03</td>\n      <td>3187.01</td>\n      <td>2398293</td>\n      <td>3204.23</td>\n      <td>3214.4350</td>\n      <td>3184.03</td>\n      <td>AMZN</td>\n      <td>Consumer_Services</td>\n      <td>Decreased</td>\n    </tr>\n  </tbody>\n</table>\n</div>"
     },
     "metadata": {},
     "execution_count": 158
    }
   ],
   "source": [
    "# As only one row is empty drop it\n",
    "df_amazon_cleaned = df_amazon_cleaned.dropna()\n",
    "df_amazon_cleaned.head()"
   ]
  },
  {
   "cell_type": "code",
   "execution_count": 159,
   "metadata": {},
   "outputs": [
    {
     "output_type": "execute_result",
     "data": {
      "text/plain": [
       "Date          0\n",
       "Close/Last    0\n",
       "Volume        0\n",
       "Open          0\n",
       "High          0\n",
       "Low           0\n",
       "Symbol        0\n",
       "Sector        0\n",
       "Target        0\n",
       "dtype: int64"
      ]
     },
     "metadata": {},
     "execution_count": 159
    }
   ],
   "source": [
    "df_amazon_cleaned.isnull().sum()"
   ]
  },
  {
   "cell_type": "code",
   "execution_count": 160,
   "metadata": {},
   "outputs": [],
   "source": [
    "import matplotlib.pyplot as plt\n",
    "import seaborn as sns\n",
    "sns.set_style(\"darkgrid\")"
   ]
  },
  {
   "cell_type": "code",
   "execution_count": 161,
   "metadata": {},
   "outputs": [
    {
     "output_type": "display_data",
     "data": {
      "text/plain": "<Figure size 1152x576 with 1 Axes>",
